L1	L2	L3	L4	L5
chr12:629834-631834	-1517.47836779045	-2755.70776607483	-2070.30795893104	-1556.80770100897	-716.238682682874
chr5:136079470-136081470	-2632.28543945384	-8329.76297122677	-1100.63319393335	-2865.21223578795	-1042.35358891739
chr10:133527696-133531496	-5053.40604437198	-8514.31654459407	-2685.30863403456	-14253.7394643138	-2391.68389828328
chrY:5000455-5001456	-86.8614041043602	-123.55553602638	-123.55553602638	-1634.61919848583	-123.55553602638
chrX:123456-125456	NA	NA	NA	NA	NA
chr5:372263-374263	-623.901298722149	-1881.5671786506	-4403.78885088004	-7684.56088505031	-1277.0637699841
chr6:11043644-11045644	-538.27633443423	-2479.64947782037	-1971.88368313597	-18340.9517362895	-1428.25285446627
chr6:291329-293329	-3344.00849722119	-15521.575802708	-3260.41704374228	-8309.52217849259	-2891.62365481217
chr1:205849004-205851004	-1745.48054879926	-3485.73313555327	-1947.53665026851	-1804.72954015771	-910.922967840564
chr9:122225969-122227969	-3895.99995912874	-7245.88006806146	-11412.4908783151	-3006.89913495406	-2383.4775772766
chr1:205849472-205850472	-1721.79631433245	-3345.42703251363	-1626.08813691862	-1902.11936259985	-954.661894295919
chr17:6654281-6655881	-2169.86287290396	-4903.43439601387	-1796.15357052877	-3221.5074539787	-1078.9377058813
chr20:62958448-62960048	-1617.41388741115	-4053.27695672072	-3472.86907797259	-1697.96666305261	-1083.26234674621
chr20:58888145-58890545	-1931.31032451685	-22714.6445219812	-2552.70899637622	-7748.46298073754	-2408.63095821114
chr20:58853745-58858545	-2072.11440310959	-26174.3258700971	-3062.51611524694	-2532.51022245553	-2513.16457642248
chr20:58849745-58852945	-1601.93320340318	-16865.113193691	-2403.00275912828	-2359.94896379298	-2194.28004463093
chr20:58838945-58843945	-2533.51373193619	-31989.4226211767	-3298.97294372871	-3058.13787866322	-3006.33553794635
chr11:2132170-2135170	-1164.34186416979	-8183.99128814146	-4273.72528967508	-1695.60247194419	-1689.93797995142
chr11:94545034-94546434	-852.398181423826	-10362.0809149697	-1181.78642692418	-2407.3702256797	-1182.54047379313
