chr12:629834-631834	0.632091365487006
chr5:136079470-136081470	0.0127685753734114
chr10:133527696-133531496	0.341564498355261
chrY:5000455-5001456	NA
chrX:123456-125456	NA
chr5:372263-374263	NA
chr6:11043644-11045644	NA
chr6:291329-293329	NA
chr1:205849004-205851004	0.913100716282262
chr9:122225969-122227969	0.791408529603684
chr1:205849472-205850472	0.913100716282262
chr17:6654281-6655881	0.895834135296528
chr20:62958448-62960048	0.0264223030124449
chr20:58888145-58890545	NA
chr20:58853745-58858545	NA
chr20:58849745-58852945	NA
chr20:58838945-58843945	NA
chr11:2132170-2135170	NA
chr11:94545034-94546434	NA
